    10.000      2.13460E-09
    13.000      7.92611E-07
    16.000      6.45936E-04
    19.000      1.21697E-02
    22.000      9.01931E-02
    25.000      0.26991    
    28.000      0.46718    
    31.000      0.60609    
    34.000      0.68263    
    37.000      0.71123    
    40.000      0.72586    
    43.000      0.20079    
    46.000      0.35822    
    49.000      0.24019    
    52.000      0.13923    
    55.000      7.83850E-02
    58.000      4.48496E-02
    61.000      2.27968E-02
    64.000      1.33356E-02
    67.000      7.43266E-03
    70.000      4.85214E-03
    73.000      3.19706E-03
    76.000      2.32371E-03
    79.000      1.63288E-03
    82.000      1.26165E-03
    85.000      1.00487E-03
    88.000      9.33427E-04
    91.000      9.35587E-04
    94.000      9.94391E-04
    97.000      1.23867E-03
    100.00      1.61888E-03