EO pos[mm]	Time[ps]	AVG[arb.u.]	Norm[arb.u.]	
50.644	337.860400744304	8.12413632	0.0223682697046034	
50.66	337.967141254768	7.46470638	0.0205526543372322	
50.676	338.073881765231	7.67619265	0.0211349417016791	
50.692	338.180622275694	9.04040766	0.024891049191361	
50.708	338.287362786158	8.02985921	0.022108695549224	
50.724	338.394103296621	8.8972083	0.0244967768921479	
50.74	338.500843807085	8.82943074	0.0243101642256091	
50.756	338.607584317548	9.66059794	0.0265986255914593	
50.772	338.714324828012	8.99912945	0.0247773974630006	
50.788	338.821065338475	8.9807838	0.0247268861925169	
50.804	338.927805848938	9.57396491	0.0263600979616857	
50.82	339.034546359402	9.95413094	0.0274068130778063	
50.836	339.141286869865	9.08270492	0.0250075066807702	
50.852	339.248027380329	8.03903213	0.0221339514460304	
50.868	339.354767890792	9.78035531	0.0269283548138357	
50.884	339.461508401255	8.15878954	0.0224636807785393	
50.9	339.568248911719	8.84268053	0.024346645011329	
50.916	339.674989422182	8.67705872	0.0238906367454504	
50.932	339.781729932646	7.96157203	0.0219206797405963	
50.948	339.888470443109	7.05396399	0.0194217530085561	
50.964	339.995210953572	7.33271846	0.0201892506133137	
50.98	340.101951464036	8.78662384	0.0241923035390447	
50.996	340.208691974499	7.18951923	0.019794978672031	
51.012	340.315432484963	8.66533769	0.0238583651106663	
51.028	340.422172995426	7.71747085	0.0212485934025064	
51.044	340.528913505889	9.38846842	0.0258493685309938	
51.06	340.635654016353	8.61641556	0.0237236672972298	
51.076	340.742394526816	8.12311713	0.022365463558091	
51.092	340.84913503728	7.171683064	0.019745870169186	
51.108	340.955875547743	9.06130146	0.0249485763099549	
51.124	341.062616058207	9.46287089	0.0260542216316922	
51.14	341.16935656867	8.87325693	0.0244308313340169	
51.156	341.276097079133	8.47423551	0.0233322014749264	
51.172	341.382837589597	8.36517999	0.0230319377683548	
51.188	341.48957810006	8.28313328	0.022806037701521	
51.204	341.596318610524	9.32018116	0.0256613525021012	
51.22	341.703059120987	8.51602319	0.0234472559323791	
51.236	341.80979963145	8.31167129	0.0228846117036511	
51.252	341.916540141914	8.47270673	0.0233279922689244	
51.268	342.023280652377	8.11853065	0.0223528355546216	
51.284	342.130021162841	9.90113183	0.0272608900725921	
51.3	342.236761673304	8.50532143	0.0234177906643722	
51.316	342.343502183767	9.19736614	0.0253232046199228	
51.332	342.450242694231	8.10375212	0.0223121456730322	
51.348	342.556983204694	7.76843146	0.0213889037842986	
51.364	342.663723715158	8.71884631	0.0240056909551052	
51.38	342.770464225621	7.55133936	0.0207911818293402	
51.396	342.877204736084	8.88956424	0.0244757304216084	
51.412	342.983945246548	9.53982129	0.0262660899747725	
51.428	343.090685757011	10.11465675	0.0278487904734576	
51.444	343.197426267475	9.91336233	0.0272945644364687	
51.46	343.304166777938	11.04061049	0.030398228613647	
51.476	343.410907288401	11.05386025	0.0304347093167677	
51.492	343.517647798865	10.73229888	0.0295493510254457	
51.508	343.624388309328	11.20164603	0.0308416094542515	
51.524	343.731128819792	11.26126988	0.0310057724255625	
51.54	343.837869330255	11.72042461	0.0322699679575232	
51.556	343.944609840719	11.9838908	0.032995372180672	
51.572	344.051350351182	10.92747802	0.0300867397978971	
51.588	344.158090861645	10.62222406	0.0292462808694977	
51.604	344.264831372109	11.47275632	0.0315880602580722	
51.62	344.371571882572	11.51403423	0.0317017111604394	
51.636	344.478312393036	11.5894561	0.0319093709858454	
51.652	344.585052903499	11.36573917	0.0312934088169923	
51.668	344.691793413962	10.42704516	0.0287088927578408	
51.684	344.798533924426	11.61238829	0.0319725104249972	
51.7	344.905274434889	12.4827951	0.0343690106204547	
51.716	345.012014945353	11.49059245	0.031637168661798	
51.732	345.118755455816	11.59710002	0.0319304170709215	
51.748	345.225495966279	11.70717495	0.0322334875297337	
51.764	345.332236476743	11.85699909	0.032645999905176	
51.78	345.438976987206	13.1080813	0.0360906176705154	
51.796	345.54571749767	13.9086723	0.0382948932643398	
51.812	345.652458008133	14.3183954	0.0394229881711724	
51.828	345.759198518596	15.7768872	0.0434386689351743	
51.844	345.86593902906	16.5642283	0.0456064634404145	
51.86	345.972679539523	17.4906917	0.0481573048328253	
51.876	346.079420049987	19.692189	0.0542187104297659	
51.892	346.18616056045	22.5047035	0.0619624360894687	
51.908	346.292901070914	25.6051455	0.0704989155535996	
51.924	346.399641581377	25.6372505	0.0705873105866936	
51.94	346.50638209184	28.4207176	0.0782510597354388	
51.956	346.613122602304	30.9483627	0.0852104514895052	
51.972	346.719863112767	29.8042974	0.0820604845044512	
51.988	346.826603623231	29.9225262	0.0823860050990209	
52.004	346.933344133694	25.3345448	0.0697538678092685	
52.02	347.040084644157	16.3262423	0.0449512140915312	
52.036	347.146825154621	-2.888955512	-0.00795419149946225	
52.052	347.253565665084	-30.1707043	-0.0830693164636899	
52.068	347.360306175548	-71.4329794	-0.196677171096826	
52.084	347.467046686011	-118.367676	-0.325902963316488	
52.1	347.573787196474	-172.864926	-0.475950813099392	
52.116	347.680527706938	-221.39571	-0.609571129491111	
52.132	347.787268217401	-250.240419	-0.688989569193363	
52.148	347.894008727865	-257.279096	-0.708369232372081	
52.164	348.000749238328	-234.665333	-0.646106521617865	
52.18	348.107489748791	-177.303083	-0.488170437297842	
52.196	348.214230259255	-88.8411149	-0.244607173078659	
52.212	348.320970769718	21.3662441	0.0588279038876579	
52.228	348.427711280182	144.515554	0.397896189952432	
52.244	348.534451790645	250.099767	0.688602310567145	
52.26	348.641192301109	328.325284	0.903981446652104	
52.276	348.747932811572	363.19914	1	
52.292	348.854673322035	355.32369	0.97831644094752	
52.308	348.961413832499	301.723349	0.830738060117653	
52.324	349.068154342962	220.980381	0.608427599801035	
52.34	349.174894853426	120.556434	0.331929293665178	
52.356	349.281635363889	29.392536	0.0809267775248587	
52.372	349.388375874352	-25.9501487	-0.0714488164812285	
52.388	349.495116384816	-46.947438	-0.129260873249865	
52.404	349.601856895279	-46.7823258	-0.128806268098542	
52.42	349.708597405743	-48.2902495	-0.132958050231066	
52.436	349.815337916206	-55.6622076	-0.153255339756586	
52.452	349.922078426669	-58.1276805	-0.16004355214057	
52.468	350.028818937133	-45.9266973	-0.126450457178946	
52.484	350.135559447596	-27.6578377	-0.0761506145086137	
52.5	350.24229995806	-24.9263504	-0.068629981888173	
52.516	350.349040468523	-35.345242	-0.0973164253637825	
52.532	350.455780978986	-35.0032966	-0.0963749435089521	
52.548	350.56252148945	-19.8552628	-0.0546677032329977	
52.564	350.669261999913	-8.32135365	-0.0229112702469505	
52.58	350.776002510377	-12.32736538	-0.0339410643428286	
52.596	350.88274302084	-20.8393118	-0.0573770956616252	
52.612	350.989483531304	-13.34810558	-0.0367514790370924	
52.628	351.096224041767	-1.006471541	-0.00277112864584426	
52.644	351.20296455223	-2.2106701303	-0.00608666124677498	
52.66	351.309705062694	-10.24409654	-0.0282051784043321	
52.676	351.416445573157	-7.0371471	-0.0193754508890082	
52.692	351.523186083621	1.696477846	0.00467093023953746	
52.708	351.629926594084	4.13952825	0.0113974065302027	
52.724	351.736667104547	-0.09070984	-0.000249752353488502	
52.74	351.843407615011	0.62630558	0.00172441371970209	
52.756	351.950148125474	6.17438438	0.0169999972466895	
52.772	352.056888635938	5.465013017	0.0150468776357785	
52.788	352.163629146401	4.53141513	0.0124763927855116	
52.804	352.270369656864	4.75105524	0.0130811302031167	
52.82	352.377110167328	6.30739149	0.0173662071171204	
52.836	352.483850677791	7.4081401	0.0203969098054582	
52.852	352.590591188255	5.68669156	0.0156572274923338	
52.868	352.697331698718	7.82092082	0.0215334232894935	
52.884	352.804072209181	8.75553794	0.0241067144046652	
52.9	352.910812719645	8.48187961	0.0233532480555984	
52.916	353.017553230108	9.09544501	0.0250425841041364	
52.932	353.124293740572	9.41191026	0.0259139111948338	
52.948	353.231034251035	10.26549997	0.0282641086925481	
52.964	353.337774761498	8.89415066	0.0244883582598791	
52.98	353.444515271962	11.16342553	0.0307363765508916	
52.996	353.551255782425	9.01543695	0.024822297073721	
53.012	353.657996292889	8.57309915	0.0236044037714407	
53.028	353.764736803352	7.86576611	0.0216568962966157	
53.044	353.871477313816	7.92539001	0.0218210594055922	
53.06	353.978217824279	8.87682405	0.0244406527229112	
53.076	354.084958334742	7.80818069	0.0214983457559949	
53.092	354.191698845206	7.73632631	0.0213005083382081	
53.108	354.298439355669	7.42444743	0.0204418089481159	
53.124	354.405179866133	6.945418	0.0191228921962756	
53.14	354.511920376596	8.36568948	0.0230333405525134	
53.156	354.618660887059	8.06349317	0.0222013002839159	
53.172	354.725401397523	9.68964553	0.0266786026255459	
53.188	354.832141907986	7.72052847	0.021257011979709	
53.204	354.93888241845	9.0669071	0.0249640103773374	
53.22	355.045622928913	8.07419495	0.022230765606989	
53.236	355.152363439376	7.36431398	0.0202762428897822	
53.252	355.25910394984	9.88278606	0.0272103784717111	
53.268	355.365844460303	7.22111474	0.0198819709209664	
53.284	355.472584970767	6.65137539	0.0183133015953727	
53.3	355.57932548123	6.1351447	0.0168919582243504	
53.316	355.686065991694	7.60943441	0.0209511355395831	
53.332	355.792806502157	8.80191214	0.0242343969757197	
53.348	355.89954701262	7.64561642	0.021050755847054	
53.364	356.006287523084	7.78932525	0.0214464308753595	
53.38	356.113028033547	7.77199873	0.0213987255861894	
53.396	356.219768544011	9.13927115	0.0251632510748786	
53.412	356.326509054474	8.87682405	0.0244406527229112	
53.428	356.433249564937	8.84369978	0.02434945132304	
53.444	356.539990075401	8.94511131	0.0246286687518038	
53.46	356.646730585864	9.4333137	0.0259728415105829	
53.476	356.753471096328	9.63868489	0.0265382921611543	
53.492	356.860211606791	9.36808419	0.0257932444168232	
53.508	356.966952117254	8.74228814	0.0240702335914121	
53.524	357.073692627718	7.90806339	0.0217733538410911	
53.54	357.180433138181	8.87835289	0.0244448620941118	
53.556	357.287173648645	9.34413269	0.0257272985007619	
53.572	357.393914159108	7.38011178	0.0203197391381488	
53.588	357.500654669571	8.1511454	0.0224426340877349	
53.604	357.607395180035	8.20975011	0.0226039910501991	
53.62	357.714135690498	7.08199237	0.0194989238410642	
53.636	357.820876200962	6.43886979	0.0177282076989499	
