EO pos[mm]	Time[ps]	AVG[arb.u.]	Norm[arb.u.]	
50.644	337.860400744304	10.54119683	0.0172795757513719	
50.66	337.967141254768	10.33633523	0.0169437579507145	
50.676	338.073881765231	12.5887931	0.0206360821733937	
50.692	338.180622275694	13.06578419	0.021417986145524	
50.708	338.287362786158	13.99224751	0.0229366840103857	
50.724	338.394103296621	14.3989128	0.0236033069562745	
50.74	338.500843807085	15.903779	0.0260701472892976	
50.756	338.607584317548	17.3046855	0.0283665724844374	
50.772	338.714324828012	16.7690897	0.0274886011926124	
50.788	338.821065338475	17.1828897	0.0281669196569416	
50.804	338.927805848938	16.1652068	0.0264986907978258	
50.82	339.034546359402	17.4652114	0.0286297133301915	
50.836	339.141286869865	17.0799493	0.0279981753987361	
50.852	339.248027380329	17.4376926	0.0285846033491471	
50.868	339.354767890792	16.8801837	0.0276707111768468	
50.884	339.461508401255	17.0182872	0.0278970962760215	
50.9	339.568248911719	16.4561917	0.0269756855549814	
50.916	339.674989422182	17.0116621	0.0278862361318503	
50.932	339.781729932646	15.6020925	0.0255756100167291	
50.948	339.888470443109	16.3588572	0.0268161307251935	
50.964	339.995210953572	15.14140879	0.0248204377917202	
50.98	340.101951464036	15.2010327	0.0249181758271685	
50.996	340.208691974499	14.2037341	0.0232833617748976	
51.012	340.315432484963	15.2244745	0.02495660261735	
51.028	340.422172995426	15.2102055	0.024933212268951	
51.044	340.528913505889	14.9905652	0.0245731685980935	
51.06	340.635654016353	16.2829259	0.0266916609262314	
51.076	340.742394526816	16.0612473	0.0263282759877909	
51.092	340.84913503728	17.196649	0.0281894744835396	
51.108	340.955875547743	21.553779	0.0353318662923428	
51.124	341.062616058207	21.4309639	0.0351305425851692	
51.14	341.16935656867	25.2749209	0.0414317195044239	
51.156	341.276097079133	28.8752861	0.0473335904408385	
51.172	341.382837589597	33.9749119	0.0556931127736314	
51.188	341.48957810006	38.5063269	0.0631211999269383	
51.204	341.596318610524	42.2733332	0.0692962360036288	
51.22	341.703059120987	47.8891896	0.0785019853732311	
51.236	341.80979963145	51.9787764	0.085205809051136	
51.252	341.916540141914	52.8517311	0.0866367933226029	
51.268	342.023280652377	45.1597407	0.0740277572767761	
51.284	342.130021162841	32.4394694	0.0531761504762273	
51.3	342.236761673304	1.178718304	0.00193220490537948	
51.316	342.343502183767	-46.63454	-0.0764453106754465	
51.332	342.450242694231	-114.160881	-0.187137345303024	
51.348	342.556983204694	-202.476083	-0.331907360280223	
51.364	342.663723715158	-301.621937	-0.494431438167825	
51.38	342.770464225621	-394.090936	-0.646010532898952	
51.396	342.877204736084	-461.560202	-0.756609007772176	
51.412	342.983945246548	-486.623635	-0.79769404736468	
51.428	343.090685757011	-452.581966	-0.741891503528808	
51.444	343.197426267475	-366.264417	-0.600396125852775	
51.46	343.304166777938	-218.036387	-0.357414468820039	
51.476	343.410907288401	-26.6330206	-0.043657973982215	
51.492	343.517647798865	179.590702	0.29439267566082	
51.508	343.624388309328	392.013273	0.642604739821249	
51.524	343.731128819792	531.703878	0.87159148864875	
51.54	343.837869330255	610.037942	1	
51.556	343.944609840719	596.834562	0.978356460982225	
51.572	344.051350351182	520.947627	0.853959387004817	
51.588	344.158090861645	382.24362	0.626589911353415	
51.604	344.264831372109	231.612288	0.379668660019183	
51.62	344.371571882572	84.5966078	0.13867433806273	
51.636	344.478312393036	-22.006309	-0.0360736726110062	
51.652	344.585052903499	-70.1681377	-0.115022579529979	
51.668	344.691793413962	-74.6506306	-0.122370471507492	
51.684	344.798533924426	-77.0972482	-0.12638107057282	
51.7	344.905274434889	-88.9593436	-0.145825919136026	
51.716	345.012014945353	-99.8781598	-0.163724504532539	
51.732	345.118755455816	-85.7279328	-0.140528853859388	
51.748	345.225495966279	-55.3075218	-0.0906624293214864	
51.764	345.332236476743	-42.8649857	-0.070266097809372	
51.78	345.438976987206	-57.6593529	-0.0945176503464107	
51.796	345.54571749767	-68.1393969	-0.111696981791995	
51.812	345.652458008133	-49.1387432	-0.0805503064922476	
51.828	345.759198518596	-23.4332054	-0.0384127015496357	
51.844	345.86593902906	-24.1945563	-0.0396607401511429	
51.86	345.972679539523	-41.3963016	-0.0678585687052232	
51.876	346.079420049987	-37.363281	-0.0612474707351891	
51.892	346.18616056045	-15.922125	-0.0261002208285595	
51.908	346.292901070914	-9.83131601	-0.0161159090822584	
51.924	346.399641581377	-21.739785	-0.0356367751958615	
51.94	346.50638209184	-24.4259177	-0.0400399975449396	
51.956	346.613122602304	-9.46389005	-0.0155136089059851	
51.972	346.719863112767	-2.104672124	-0.00345006757628856	
51.988	346.826603623231	-9.11175245	-0.0149363700561432	
52.004	346.933344133694	-8.71527916	-0.0142864542677904	
52.02	347.040084644157	-0.547826284	-0.000898020018564681	
52.036	347.146825154621	2.770726956	0.00454189283197077	
52.052	347.253565665084	-0.909646429	-0.00149113090575602	
52.068	347.360306175548	0.532028495	0.000872123614566912	
52.084	347.467046686011	3.99836743	0.0065542930278917	
52.1	347.573787196474	5.00636778	0.00820664984146183	
52.116	347.680527706938	2.354888583	0.00386023298039387	
52.132	347.787268217401	6.58308826	0.0107912767497993	
52.148	347.894008727865	7.89634247	0.0129440186033543	
52.164	348.000749238328	8.6459727	0.0141728441867965	
52.18	348.107489748791	7.21907628	0.0118338152153821	
52.196	348.214230259255	9.80991241	0.0160808233957356	
52.212	348.320970769718	11.54053384	0.0189177312515424	
52.228	348.427711280182	9.83029659	0.0161142380058714	
52.244	348.534451790645	11.5430819	0.0189219081392809	
52.26	348.641192301109	11.07220598	0.018150028412495	
52.276	348.747932811572	9.63562716	0.0157951276414214	
52.292	348.854673322035	7.92437085	0.0129899639094907	
52.308	348.961413832499	8.5634165	0.0140375145715117	
52.324	349.068154342962	7.99316765	0.0131027385342533	
52.34	349.174894853426	6.37771708	0.0104546236240499	
52.356	349.281635363889	6.89700544	0.011305863070399	
52.372	349.388375874352	7.6344051	0.0125146397861266	
52.388	349.495116384816	5.44870565	0.00893174878948759	
52.404	349.601856895279	9.1540496	0.0150057053336528	
52.42	349.708597405743	9.08270489	0.014888754067038	
52.436	349.815337916206	8.42276528	0.0138069531419408	
52.452	349.922078426669	5.85995754	0.00960589028411613	
52.468	350.028818937133	5.306525612	0.00869868125677993	
52.484	350.135559447596	5.35595738	0.0087797119019197	
52.5	350.24229995806	3.445954704	0.00564875471958759	
52.516	350.349040468523	4.57677002	0.00750243502067286	
52.532	350.455780978986	3.56927932	0.00585091364694165	
52.548	350.56252148945	3.830707099	0.00627945712104576	
52.564	350.669261999913	4.230238071	0.00693438519107718	
52.58	350.776002510377	3.22835298	0.00529205276874401	
52.596	350.88274302084	5.83702529	0.0095682987698493	
52.612	350.989483531304	4.59052941	0.00752498999480265	
52.628	351.096224041767	4.48860823	0.00735791648513561	
52.644	351.20296455223	6.12087573	0.0100335984183751	
52.66	351.309705062694	7.38673669	0.0121086512517282	
52.676	351.416445573157	10.1737712	0.0166772761160485	
52.692	351.523186083621	7.79136367	0.0127719329136416	
52.708	351.629926594084	9.30234507	0.0152487975411864	
52.724	351.736667104547	9.52045633	0.0156063347449953	
52.74	351.843407615011	9.31355625	0.0152671753816913	
52.756	351.950148125474	10.83320088	0.017758241142319	
52.772	352.056888635938	9.55205192	0.0156581275726617	
52.788	352.163629146401	9.58466659	0.0157115909193727	
52.804	352.270369656864	9.66365567	0.0158410731606592	
52.82	352.377110167328	8.95428424	0.0146782415051817	
52.836	352.483850677791	10.30626855	0.0168944713769951	
52.852	352.590591188255	8.09559838	0.0132706473198351	
52.868	352.697331698718	6.73596998	0.0110418869323377	
52.884	352.804072209181	6.95561006	0.0114019302425619	
52.9	352.910812719645	5.48183003	0.00898604767439203	
52.916	353.017553230108	6.25337325	0.0102507939579929	
52.932	353.124293740572	5.76058441	0.00944299364579523	
52.948	353.231034251035	6.03271394	0.00988907988283784	
52.964	353.337774761498	7.72613415	0.012665005925156	
52.98	353.444515271962	8.9496978	0.0146707232187207	
52.996	353.551255782425	8.6250788	0.0141385940220748	
53.012	353.657996292889	7.92386122	0.0129891285024367	
53.028	353.764736803352	9.52198511	0.0156088407858408	
53.044	353.871477313816	9.01645602	0.0147801561169125	
53.06	353.978217824279	9.82927744	0.0161125673720799	
53.076	354.084958334742	8.27497965	0.0135646966857022	
53.092	354.191698845206	7.75365284	0.0127101157258838	
53.108	354.298439355669	8.28670051	0.0135839100152233	
53.124	354.405179866133	8.57360862	0.0140542219257569	
53.14	354.511920376596	7.64510674	0.0125321823671092	
53.156	354.618660887059	8.29026774	0.0135897575695382	
53.172	354.725401397523	7.39387121	0.0121203464587126	
53.188	354.832141907986	8.55577252	0.0140249842361444	
53.204	354.93888241845	10.37047884	0.0169997276005498	
53.22	355.045622928913	9.16933781	0.0150307664141979	
53.236	355.152363439376	10.4061512	0.0170582032420534	
53.252	355.25910394984	11.02990892	0.0180806932825172	
53.268	355.365844460303	10.88416151	0.0178417779627222	
53.284	355.472584970767	10.46628485	0.0171567768648724	
53.3	355.57932548123	12.2692702	0.0201123067194401	
53.316	355.686065991694	11.90133479	0.0195091714311763	
53.332	355.792806502157	9.41394867	0.0154317428832976	
53.348	355.89954701262	10.11210856	0.0165761961081431	
53.364	356.006287523084	10.58960939	0.0173589356676441	
53.38	356.113028033547	10.41430502	0.0170715693287156	
53.396	356.219768544011	8.42837092	0.0138161421441554	
53.412	356.326509054474	7.50394595	0.0123007856288388	
53.428	356.433249564937	7.70167306	0.0126249082716891	
53.444	356.539990075401	7.01268596	0.0114954914722337	
53.46	356.646730585864	6.98210961	0.0114453694258906	
53.476	356.753471096328	5.99958956	0.00983478099793341	
53.492	356.860211606791	6.69673038	0.0109775637201268	
53.508	356.966952117254	6.34561193	0.0104019955040764	
53.524	357.073692627718	7.01013786	0.0114913145189254	
53.54	357.180433138181	6.88018841	0.0112782958834387	
53.556	357.287173648645	7.61554968	0.0124837311840515	
53.572	357.393914159108	8.2026156	0.0134460744738399	
53.588	357.500654669571	7.00198421	0.0114779487109344	
53.604	357.607395180035	5.82887163	0.00955493294546587	
53.62	357.714135690498	6.80782441	0.0111596737535384	
53.636	357.820876200962	7.07740586	0.0116015830700576	
