EO pos[mm]	Time[ps]	ST0[arb.u.]	ST1[arb.u.]	ST2[arb.u.]	AVG[arb.u.]	Norm[arb.u.]	
49.966	333.337271613417	9.21927923	9.30642186	9.01951372	9.18173827	0.0166597471404689	
49.982	333.444012123881	9.42465044	9.39917019	8.92065025	9.24815696	0.0167802601139673	
49.998	333.550752634344	9.68302066	9.60912774	8.74330739	9.34515193	0.0169562520260192	
50.014	333.657493144808	9.3176331	9.56937839	8.6006178	9.16254309666667	0.0166249185791827	
50.03	333.764233655271	9.34056545	9.84558478	9.05977261	9.41530761333333	0.0170835455635206	
50.046	333.870974165734	9.34617118	9.27023983	8.99709113	9.20450071333333	0.0167010483123256	
50.062	333.977714676198	10.04382146	9.37063217	8.89771801	9.43739054666667	0.0171236138027401	
50.078	334.084455186661	9.76557666	9.42363116	9.6132046	9.60080414	0.0174201185673274	
50.094	334.191195697125	9.34871908	9.83895989	8.96243787	9.38337228	0.0170256006992111	
50.11	334.297936207588	9.49803358	9.29266248	8.82943075	9.20670893666667	0.0167050550092365	
50.126	334.404676718051	8.67094337	10.20587616	8.67909708	9.18530553666667	0.0166662197449913	
50.142	334.511417228515	10.15542516	9.398151	9.10563714	9.5530711	0.0173335096537141	
50.158	334.618157738978	9.213164	8.69744283	9.53319636	9.14793439666667	0.0165984119155321	
50.174	334.724898249442	9.22233679	9.96432304	8.57106062	9.25257348333333	0.0167882736468964	
50.19	334.831638759905	8.89109306	8.97721655	9.81704696	9.22845219	0.0167445069182207	
50.206	334.938379270368	9.97451511	9.73449076	9.27431663	9.6611075	0.0175295356188462	
50.222	335.045119780832	9.29877778	10.53457188	9.38897802	9.74077589333333	0.0176740894330577	
50.238	335.151860291295	9.92406404	9.91540082	9.74315402	9.86087296	0.0178919987988165	
50.254	335.258600801759	9.69117434	9.76659586	8.87376647	9.44384555666667	0.0171353260549549	
50.27	335.365341312222	9.47663014	9.53217717	9.05722459	9.35534396666667	0.0169747449027186	
50.286	335.472081822685	8.77643173	8.79681608	9.38693956	8.98672912333333	0.0163059140232519	
50.302	335.578822333149	9.66875159	9.62492536	9.0521285	9.44860181666667	0.0171439560209379	
50.318	335.685562843612	8.69489484	9.18054924	9.28705672	9.05416693333333	0.0164282761326117	
50.334	335.792303354076	9.06945514	9.57294568	9.06741673	9.23660585	0.0167593012752231	
50.35	335.899043864539	9.31763325	9.3701226	9.1948182	9.29419135	0.016863786922793	
50.366	336.005784375003	8.58583917	8.7106926	9.21520242	8.83724473	0.0160346830078224	
50.382	336.112524885466	9.73754846	9.31355637	9.31100832	9.45403771666667	0.0171538191554357	
50.398	336.219265395929	8.88344897	8.72649035	8.58481994	8.73158642	0.0158429719531041	
50.414	336.326005906393	9.08780088	8.70763494	8.30045993	8.69863191666667	0.015783177862211	
50.43	336.432746416856	8.94460163	9.46083248	9.10206983	9.16916798	0.0166369390569967	
50.446	336.53948692732	9.4338234	9.1576169	9.16882822	9.25342284	0.0167898147567476	
50.462	336.646227437783	9.14334798	9.37267063	9.88380527	9.46660796	0.0171766271542339	
50.478	336.752967948246	9.74875971	9.96432304	8.90841962	9.54050079	0.017310701533953	
50.494	336.85970845871	9.33495979	9.81551803	8.84726691	9.33258157666667	0.0169334438276322	
50.51	336.966448969173	9.26667255	10.55393697	9.02766744	9.61609232	0.0174478581091819	
50.526	337.073189479637	9.69932796	9.83997919	9.3064218	9.61524298333333	0.0174463170356196	
50.542	337.1799299901	9.91692954	10.65178115	10.31646062	10.2950571033333	0.0186798014814489	
50.558	337.286670500563	9.552052	10.65076212	9.83743112	10.01341508	0.0181687778871264	
50.574	337.393411011027	9.91081441	10.5880806	10.18447263	10.2277892133333	0.0185577476823622	
50.59	337.50015152149	10.32206626	10.6033687	10.54017766	10.48853754	0.0190308608404404	
50.606	337.606892031954	10.88110381	11.15323334	9.50465841	10.51299852	0.0190752439114477	
50.622	337.713632542417	10.22778911	10.4275547	10.58349405	10.4129459533333	0.0188937041623931	
50.638	337.82037305288	10.49533235	11.15832953	10.25530798	10.6363232866667	0.0192990097571305	
50.654	337.927113563344	11.36777734	10.61254169	10.91320895	10.9645093266667	0.0198944848491722	
50.67	338.033854073807	11.61850331	11.21540527	11.62716684	11.48702514	0.0208425603737679	
50.686	338.140594584271	12.7375981	11.94363208	12.523054	12.40142806	0.0225016929893729	
50.702	338.247335094734	12.6718588	12.7197619	12.5210156	12.6375454333333	0.0229301146694003	
50.718	338.354075605198	13.9193739	14.2302334	14.2185127	14.1227066666667	0.0256248561097006	
50.734	338.460816115661	14.3097321	13.9509695	14.4896228	14.2501081333333	0.0258560188980069	
50.75	338.567556626124	15.9990753	15.2779832	14.7653197	15.3474594	0.0278471009882765	
50.766	338.674297136588	16.3884141	16.113227	15.7712816	16.0909742333333	0.02919616679197	
50.782	338.781037647051	16.864386	16.9041352	16.0342383	16.6009198333333	0.0301214343722008	
50.798	338.887778157515	17.5273833	17.1227563	17.3459635	17.3320343666667	0.0314480005297063	
50.814	338.994518667978	17.6267563	17.1100162	16.2650897	17.0006207333333	0.0308466691512812	
50.83	339.101259178441	16.6855145	18.0874402	16.7293406	17.1674317666667	0.0311493383794658	
50.846	339.207999688905	17.1783033	16.8893567	17.2149948	17.0942182666667	0.031016496605784	
50.862	339.314740199368	17.1538421	16.9759897	16.7935509	16.9744609	0.0307992036065494	
50.878	339.421480709832	16.4149138	17.8596463	16.5535266	16.9426955666667	0.0307415671976686	
50.894	339.528221220295	16.308406	16.4138944	16.0062099	16.2428367666667	0.0294717128085354	
50.91	339.634961730758	15.963403	15.9674797	15.1251013	15.685328	0.0284601445402906	
50.926	339.741702241222	15.7748489	15.9995849	15.3049921	15.6931419666667	0.0284743225428651	
50.942	339.848442751685	14.5619869	14.9762964	14.667985	14.7354227666667	0.0267365949759942	
50.958	339.955183262149	14.8249432	14.5196896	14.10538	14.4833376	0.0262792006339826	
50.974	340.061923772612	14.0386218	14.114553	14.0956975	14.0829574333333	0.0255527333637796	
50.99	340.168664283075	13.3481058	13.2181564	11.88196971	12.8160773033333	0.0232540506958097	
51.006	340.275404793539	13.4179217	12.9190179	12.9893432	13.1087609333333	0.0237851086637641	
51.022	340.382145304002	12.73454019	13.016862	12.71160798	12.82100339	0.0232629888027178	
51.038	340.488885814466	11.74845309	11.6592719	11.96605477	11.79125992	0.021394577253044	
51.054	340.595626324929	11.28522135	12.20760789	11.65468553	11.7158382566667	0.021257728891318	
51.07	340.702366835393	11.33923965	11.30458649	12.265703	11.6365097133333	0.0211137917157972	
51.086	340.809107345856	11.35707586	11.3198747	11.37083522	11.3492619266667	0.0205925967795222	
51.102	340.915847856319	12.6586092	12.07511044	12.9078063	12.5471753133333	0.022766143174681	
51.118	341.022588366783	12.38546028	12.7202714	12.6494361	12.5850559266667	0.0228348754148191	
51.134	341.129328877246	14.4249028	14.5874673	13.0596688	14.0240129666667	0.0254457819477057	
51.15	341.23606938771	15.9302785	15.8517993	15.9098943	15.8973240333333	0.0288447994069682	
51.166	341.342809898173	17.4234238	18.0711328	18.0797959	17.8581175	0.0324025487555945	
51.182	341.449550408636	21.4161854	21.1144988	21.0543654	21.1950165333333	0.0384571641774093	
51.198	341.5562909191	25.3467753	24.1476727	24.1772299	24.5572259666667	0.0445577038949973	
51.214	341.663031429563	27.6659914	28.3315367	28.0461575	28.0145618666667	0.0508308452305394	
51.23	341.769771940027	32.3105392	32.5306887	31.7932892	32.2115057	0.0584459635196913	
51.246	341.87651245049	36.2966761	37.1410929	36.7634749	36.7337479666667	0.0666513175011665	
51.262	341.983252960953	40.1477674	40.1503154	40.4565884	40.2515570666667	0.0730341840533451	
51.278	342.089993471417	41.563962	42.2050461	40.7995531	41.5228537333333	0.0753408802784366	
51.294	342.19673398188	38.6082481	38.6265939	38.5949983	38.6099467666667	0.0700555745899772	
51.31	342.303474492344	28.6908087	30.004063	28.9909666	29.2286127666667	0.0530336722350668	
51.326	342.410215002807	10.93563174	10.12382962	9.4705149	10.1766587533333	0.0184649743414406	
51.342	342.51695551327	-20.8642822	-22.1454315	-23.8205056	-22.2767397666667	-0.0404198900810855	
51.358	342.623696023734	-69.6952235	-71.1058125	-73.354703	-71.3852463333333	-0.129524510338	
51.374	342.730436534197	-134.763737	-137.803534	-140.144665	-137.570645333333	-0.249614190451594	
51.39	342.837177044661	-209.236003	-214.022221	-214.373341	-212.543855	-0.38564885824833	
51.406	342.943917555124	-289.597279	-297.967554	-297.223528	-294.929453666667	-0.535132888553064	
51.422	343.050658065587	-357.680108	-362.311406	-362.425557	-360.805690333333	-0.65466161101929	
51.438	343.157398576051	-402.111622	-402.110603	-401.836433	-402.019552666667	-0.729441843799268	
51.454	343.264139086514	-402.775128	-400.875829	-402.203862	-401.951606333333	-0.729318559002951	
51.47	343.370879596978	-353.113022	-354.214279	-352.781267	-353.369522666667	-0.641169103459412	
51.486	343.477620107441	-253.712363	-253.668027	-255.020011	-254.133467	-0.461110867643008	
51.502	343.584360617905	-113.241553	-118.090961	-112.0164599	-114.449657966667	-0.207662460633157	
51.518	343.691101128368	59.4918955	57.2272071	61.7219305	59.4803443666667	0.107923735989556	
51.534	343.797841638831	231.092998	242.215656	232.34816	235.218938	0.426791519698768	
51.55	343.904582149295	392.668115	391.248354	393.408575	392.441681333333	0.712063335518474	
51.566	344.011322659758	503.525733	501.92608	502.450467	502.634093333333	0.912001263036678	
51.582	344.118063170222	554.182082	551.52143	547.695821	551.133111	1	
51.598	344.224803680685	534.38899	535.53917	529.945738	533.291299333333	0.967627037260937	
51.614	344.331544191148	455.464298	450.461495	453.806038	453.243943666667	0.82238561723189	
51.63	344.438284701612	324.284619	321.303425	329.687969	325.092004333333	0.589861138525087	
51.646	344.545025212075	182.269193	182.807335	176.77564	180.617389333333	0.327720083820791	
51.662	344.651765722539	62.6142502	63.2828531	61.6434512	62.5135181666667	0.113427259075833	
51.678	344.758506233002	-15.3141652	-16.4521149	-17.7225622	-16.4962807666667	-0.0299315726771253	
51.694	344.865246743465	-47.7719801	-47.2017314	-47.7164332	-47.5633815666667	-0.0863010779380785	
51.71	344.971987253929	-57.0677003	-54.3209249	-55.320262	-55.5696290666667	-0.100827963258892	
51.726	345.078727764392	-59.4297235	-57.8489262	-59.5999318	-58.9595271666667	-0.106978742503218	
51.742	345.185468274856	-62.7258539	-62.0276942	-61.888062	-62.2138700333333	-0.112883564408696	
51.758	345.292208785319	-57.3199553	-56.2533503	-57.4228956	-56.9987337333333	-0.103420993215073	
51.774	345.398949295782	-45.3447276	-45.7320281	-44.388707	-45.1551542333333	-0.0819314850298176	
51.79	345.505689806246	-38.5353743	-39.0133848	-39.3650127	-38.9712572666667	-0.0707111521497148	
51.806	345.612430316709	-45.9802061	-45.1587214	-47.4636687	-46.2008654	-0.0838288690660794	
51.822	345.719170827173	-56.1417465	-57.1798136	-57.4585679	-56.9267093333333	-0.103290308996393	
51.838	345.825911337636	-56.2778113	-58.0191346	-56.355781	-56.8842423	-0.10321325495539	
51.854	345.9326518481	-46.3292862	-47.6002431	-49.1203972	-47.6833088333333	-0.0865186792112974	
51.87	346.039392358563	-40.185478	-40.7878321	-41.2739963	-40.7491021333333	-0.0739369515640176	
51.886	346.146132869026	-38.5109132	-38.4696352	-38.6459589	-38.5421691	-0.0699325958298303	
51.902	346.25287337949	-25.2122394	-25.869631	-24.4493594	-25.1770766	-0.0456823879703355	
51.918	346.359613889953	-1.808591127	-2.263159537	-0.773581673	-1.615110779	-0.00293052757449008	
51.934	346.466354400417	12.1306575	10.66706958	11.8778929	11.5585399933333	0.0209723200487102	
51.95	346.57309491088	3.063750311	3.95708934	4.50746366	3.84276777033333	0.0069724857636676	
51.966	346.679835421343	-9.78035526	-9.2121448	-9.27890314	-9.42380106666667	-0.0170989564563953	
51.982	346.786575931807	-8.33664196	-8.21841338	-7.93863978	-8.16456504	-0.0148141435835453	
51.998	346.89331644227	5.83192921	6.17642278	7.11664556	6.37499918333333	0.011567077092803	
52.014	347.000056952734	16.1978214	16.4021736	15.9465858	16.1821936	0.0293616791969518	
52.03	347.106797463197	13.9051049	13.8959321	13.62329308	13.8081100266667	0.0250540382188481	
52.046	347.21353797366	6.30382423	6.33491021	6.68755743	6.44209729	0.0116888228295904	
52.062	347.320278484124	2.577076738	2.109768185	2.700910943	2.46258528866667	0.00446822235775028	
52.078	347.427018994587	-0.384752404	-0.677266155	-1.100748613	-0.720922390666667	-0.00130807308847511	
52.094	347.533759505051	-7.69555778	-6.20190307	-7.53452235	-7.1439944	-0.0129623756174577	
52.11	347.640500015514	-16.97548	-19.1978713	-19.0556912	-18.4096808333333	-0.033403329369796	
52.126	347.747240525977	-27.6236941	-29.4022186	-29.8909306	-28.9722811	-0.0525685728578917	
52.142	347.853981036441	-27.5085233	-27.552859	-29.5861861	-28.2158561333333	-0.0511960823441314	
52.158	347.960721546904	-15.5924099	-17.4840669	-17.6058628	-16.8941132	-0.0306534172286375	
52.174	348.067462057368	-1.6103544426	-2.868061659	-3.61769185	-2.69870265053333	-0.00489664401697203	
52.19	348.174202567831	6.94337952	6.93012983	6.90515914	6.92622283	0.0125672413646728	
52.206	348.280943078295	13.9535175	15.0563046	14.7821366	14.5973195666667	0.0264860144950839	
52.222	348.387683588758	22.2662081	23.0805582	23.2706412	22.8724691666667	0.0415008075366146	
52.238	348.494424099221	26.3456027	28.0971179	27.7745375	27.4057527	0.0497261952748108	
52.254	348.601164609685	28.6296561	29.0704651	28.1964912	28.6322041333333	0.0519515223488965	
52.27	348.707905120148	30.9972848	31.0426397	30.2466354	30.7621866333333	0.0558162556728212	
52.286	348.814645630612	33.2161086	34.2312434	35.8905201	34.4459573666667	0.0625002502647072	
52.302	348.921386141075	28.1093486	30.056043	29.0561962	29.0738626	0.0527528867703976	
52.318	349.028126651538	11.53543759	11.45899687	11.07781183	11.35741543	0.0206073908522618	
52.334	349.134867162002	-7.20124012	-8.70508696	-8.85898793	-8.25510500333333	-0.0149784232494305	
52.35	349.241607672465	-15.7269458	-17.2527059	-17.7990032	-16.9262183	-0.0307116701250054	
52.366	349.348348182929	-18.4385585	-18.2372642	-18.9884232	-18.5547486333333	-0.0336665467252853	
52.382	349.455088693392	-16.5188733	-18.0380083	-17.9100971	-17.4889929	-0.0317327929513565	
52.398	349.561829203855	-17.4249524	-18.6469873	-18.698967	-18.2569689	-0.0331262421647536	
52.414	349.668569714319	-12.5413996	-14.4177684	-13.890836	-13.616668	-0.024706677440035	
52.43	349.775310224782	-2.682055553	-1.72705419	-2.407887598	-2.272332447	-0.00412301928816612	
52.446	349.882050735246	10.72006839	11.7295977	11.79482719	11.4148310933333	0.0207115683407621	
52.462	349.988791245709	20.8805897	20.8576575	21.2011317	20.9797929666667	0.038066653133215	
52.478	350.095531756172	25.2040857	25.5149451	25.3697076	25.3629128	0.0460195772922814	
52.494	350.202272266636	29.6417334	28.1195406	30.342951	29.368075	0.0532867186054441	
52.51	350.309012777099	30.6502434	31.1608683	32.3319425	31.3810180666667	0.0569390904671425	
52.526	350.415753287563	28.7229139	28.2994313	29.4327948	28.81838	0.0522893279768851	
52.542	350.522493798026	20.2430728	20.37608	19.6840352	20.1010626666667	0.0364722464781592	
52.558	350.629234308489	12.34367251	12.77938577	12.10925407	12.4107707833333	0.022518644834847	
52.574	350.735974818953	8.75706677	8.94358247	7.38011176	8.36025366666667	0.0151692095789662	
52.59	350.842715329416	4.72506534	4.40197526	4.63945156	4.58883072	0.00832617498098386	
52.606	350.94945583988	1.06099935016	0.98710651	1.571624403	1.20657675438667	0.00218926558812154	
52.622	351.056196350343	-2.009375819	-3.63450886	-2.880801815	-2.84156216466667	-0.00515585456208721	
52.638	351.162936860807	-4.9217732	-6.50613776	-6.6671732	-6.03169472	-0.0109441704728207	
52.654	351.26967737127	-9.18564531	-10.2119914	-9.54899424	-9.64887698333333	-0.0175073440349573	
52.67	351.376417881733	-10.63700268	-11.0034092	-10.18090546	-10.60710578	-0.0192459962362885	
52.686	351.483158392197	-4.49829077	-5.07108771	-4.49268508	-4.68735452	-0.00850494086899453	
52.702	351.58989890266	3.105537996	2.063394047	2.718237537	2.62905652666667	0.00477027504643369	
52.718	351.696639413124	5.16332638	4.8626589	5.65407679	5.22668735666667	0.00948352993559603	
52.734	351.803379923587	6.56932888	6.76450792	7.68587528	7.00657069333333	0.0127130280389438	
52.75	351.91012043405	12.6132541	12.6000044	13.7838186	12.9990257	0.0235860002611964	
52.766	352.016860944514	19.6977945	19.3262918	20.1370749	19.7203870666667	0.0357815320347659	
52.782	352.123601454977	20.1559301	20.7751013	21.0523267	20.6611193666667	0.0374884378279836	
52.798	352.230341965441	19.7910524	19.1163344	19.5867007	19.4980291666667	0.0353780761444156	
52.814	352.337082475904	18.6969285	18.0660368	18.471683	18.4115494333333	0.03340671983929	
52.83	352.443822986367	20.7450344	19.9464823	19.8649453	20.1854873333333	0.0366254302825463	
52.846	352.550563496831	18.9588661	20.134017	19.1183727	19.4037519333333	0.0352070154125313	
52.862	352.657304007294	13.5835436	14.2603001	14.0600251	13.9679562666667	0.0253440702216613	
52.878	352.764044517758	6.04392527	5.7070758	5.47724358	5.74274821666667	0.0104198933107952	
52.894	352.870785028221	-1.814196784	-2.749323501	-4.09009647	-2.88453891833333	-0.00523383346193717	
52.91	352.977525538684	-7.54624328	-8.9089293	-9.48172625	-8.64563294333333	-0.0156870142090471	
52.926	353.084266049148	-10.83167217	-12.26519333	-13.6971858	-12.2646837666667	-0.0222535781681001	
52.942	353.191006559611	-14.2185125	-14.9844502	-16.2136195	-15.1388607333333	-0.0274686104521369	
52.958	353.297747070075	-16.8292232	-18.7234282	-18.6352665	-18.0626393	-0.0327736420467033	
52.974	353.404487580538	-13.4418734	-16.365482	-15.5669298	-15.1247617333333	-0.0274430286104391	
52.99	353.511228091002	-1.630229101	-2.8278028	-0.933088308	-1.79704006966667	-0.0032606280294175	
53.006	353.617968601465	12.12403264	11.96452593	13.7308198	12.6064594566667	0.0228737109149421	
53.022	353.724709111928	24.0054928	23.2471992	25.2805265	24.1777395	0.0438691470670867	
53.038	353.831449622392	30.1452239	31.428921	32.8211642	31.4651030333333	0.0570916579050053	
53.054	353.938190132855	34.3464144	35.5429689	35.5679396	35.1524409666667	0.0637821249804508	
53.07	354.044930643319	34.0121129	35.1092943	34.9936138	34.705007	0.0629702812393719	
53.086	354.151671153782	27.3026425	27.5905699	26.9076979	27.2669701	0.0494743820608521	
53.102	354.258411664245	18.4727021	18.8329935	18.4828942	18.5961966	0.0337417517271975	
53.118	354.365152174709	11.15425257	11.52473601	11.48243878	11.3871424533333	0.0206613288624086	
53.134	354.471892685172	6.81954535	6.54945424	5.58986644	6.31962201	0.0114665983296366	
53.15	354.578633195636	1.588951014	0.571777751	-0.5534319363	0.535765609566667	0.000972116533870647	
53.166	354.685373706099	-6.58155942	-8.27956609	-8.33052676	-7.73055075666667	-0.0140266491023194	
53.182	354.792114216562	-11.6363396	-14.0554387	-13.8994993	-13.1970925333333	-0.0239453813787162	
53.198	354.898854727026	-10.41940102	-12.7493189	-12.3146251	-11.8277816733333	-0.0214608439182188	
53.214	355.005595237489	-4.14921075	-6.05411739	-6.47861899	-5.56064904333333	-0.0100894846133339	
53.23	355.112335747953	0.4667989455	-0.396473341	-0.699688819	-0.209787738166667	-0.000380648039429202	
53.246	355.219076258416	3.11776851	2.609691494	3.45308919	3.06018306466667	0.00555252987633811	
53.262	355.325816768879	11.03500491	9.53523491	10.38016135	10.31680039	0.0187192534509145	
53.278	355.432557279343	22.5016458	23.6604897	22.2132091	22.7917815333333	0.0413544043688083	
53.294	355.539297789806	29.2080588	29.6779153	30.1752905	29.6870882	0.0538655500957554	
53.31	355.64603830027	29.1942993	28.7040585	29.6529447	29.1837675	0.0529523030235794	
53.326	355.752778810733	28.2652877	27.2292592	27.3174213	27.6039894	0.0500858846058335	
53.342	355.859519321197	27.4091499	27.7770857	26.9326686	27.3729680666667	0.0496667094034687	
53.358	355.96625983166	22.6845945	23.87962	22.1311624	22.8984589666667	0.0415479645654363	
53.374	356.073000342123	13.4979299	13.9927572	13.0250156	13.5052342333333	0.0245044871443649	
53.39	356.179740852587	6.38892841	5.33964999	5.61993319	5.78283719666667	0.0104926325079145	
53.406	356.28648136305	3.78178493	3.28491924	3.24924684	3.43865033666667	0.00623923743290877	
53.422	356.393221873514	4.12016322	2.605614655	3.286448051	3.337408642	0.00605554007804841	
53.438	356.499962383977	3.51118424	2.842581386	2.30953366	2.88776642866667	0.00523968959772164	
53.454	356.60670289444	3.809303665	3.3863308	3.73490121	3.64351189166667	0.00661094719033614	
53.47	356.713443404904	6.26152695	4.68939294	4.76124739	5.23738909333333	0.00950294763424826	
53.486	356.820183915367	2.921060682	2.767669331	3.442897057	3.04387569	0.00552294106314364	
53.502	356.926924425831	-1.120113637	-2.550067629	-0.996279406	-1.55548689066667	-0.00282234338605482	
53.518	357.033664936294	-2.314629717	-3.32059165	-3.74662214	-3.127281169	-0.00567427560889188	
53.534	357.140405446757	1.501808416	0.26499504	1.403454481	1.05675264566667	0.00191741817824962	
53.55	357.247145957221	9.25036515	8.68674115	9.04958049	8.99556226333333	0.0163219412584582	
53.566	357.353886467684	18.0614501	16.9306349	17.9488274	17.6469708	0.0320194349564311	
53.582	357.460626978148	24.6017315	24.2251327	23.8199961	24.2156201	0.0439378792830322	
53.598	357.567367488611	25.8996975	26.6228283	26.6146746	26.3790668	0.0478633315137548	
53.614	357.674107999074	22.7737754	21.354523	23.3149767	22.4810917	0.0407906751586914	
53.63	357.780848509538	20.5559706	20.3021868	20.6828625	20.5136733	0.0372209052415288	
53.646	357.887589020001	19.9179443	19.2055154	20.0840757	19.7358451333333	0.0358095798264121	
53.662	357.994329530465	18.1312662	17.6517271	16.6773608	17.4867847	0.0317287862967827	
53.678	358.101070040928	10.96315051	9.96075578	10.46781361	10.4639066333333	0.0189861694470636	
53.694	358.207810551392	2.409926024	1.865157386	0.473933428	1.58300561266667	0.00287227455776408	
53.71	358.314551061855	-1.931915738	-3.64979703	-3.710949729	-3.09755416566667	-0.00562033763503399	
