EO pos[mm]	Time[ps]	ST0[arb.u.]	ST1[arb.u.]	ST2[arb.u.]	AVG[arb.u.]	Norm[arb.u.]	
50.644	337.860400744304	11.33974902	10.8092496	11.11399376	11.0876641266667	0.0658617925557676	
50.66	337.967141254768	11.91713259	11.56091812	10.7119148	11.39665517	0.0676972291062548	
50.676	338.073881765231	13.87045184	13.5030259	10.98812116	12.7871996333333	0.0759571971155098	
50.692	338.180622275694	13.57946676	12.65606102	11.83865329	12.69139369	0.0753881005868502	
50.708	338.287362786158	12.34265336	13.40722	13.70890677	13.15292671	0.0781296511671721	
50.724	338.394103296621	13.0642552	12.78397216	11.59659039	12.4816059166667	0.0741419410125549	
50.74	338.500843807085	13.43321001	13.3317983	13.4984395	13.42114927	0.0797229190010173	
50.756	338.607584317548	13.19471423	13.3526923	13.828664	13.4586901766667	0.0799459156014724	
50.772	338.714324828012	14.1853881	14.0748037	13.69718566	13.9857924866667	0.0830769540781333	
50.788	338.821065338475	14.1721383	13.209493	14.7174165	14.0330159333333	0.0833574658985309	
50.804	338.927805848938	14.34948135	14.2220799	13.6987146	14.09009195	0.0836965029334433	
50.82	339.034546359402	14.0778613	14.0900918	14.79029031	14.31941447	0.0850587007839609	
50.836	339.141286869865	13.56214001	13.2568863	13.1921664	13.3370642366667	0.079223445806377	
50.852	339.248027380329	13.88013423	13.0433614	12.29067372	13.0713897833333	0.0776453139714918	
50.868	339.354767890792	12.56484152	13.9367007	14.052381	13.5179744066667	0.0802980696362161	
50.884	339.461508401255	12.8007891	13.57029394	13.823568	13.3982170133333	0.0795866991882451	
50.9	339.568248911719	13.9922473	13.1294848	12.97150701	13.3644130366667	0.079385900311823	
50.916	339.674989422182	13.58762056	12.86194182	13.7695497	13.4063706933333	0.0796351328325719	
50.932	339.781729932646	11.82744193	12.53885161	12.85174966	12.4060144	0.0736929201247647	
50.948	339.888470443109	12.67287809	13.5973032	11.98694836	12.75237655	0.0757503446473569	
50.964	339.995210953572	12.80027942	13.4699016	13.0958508	13.1220106066667	0.0779460065364265	
50.98	340.101951464036	12.92258475	14.2541848	11.64347423	12.94008126	0.0768653286990497	
50.996	340.208691974499	13.9137683	12.7187426	12.2687607	12.9670905333333	0.0770257663834024	
51.012	340.315432484963	13.9998915	13.9270178	12.39667169	13.4411936633333	0.0798419846275139	
51.028	340.422172995426	12.60713893	13.6314466	13.46276716	13.23378423	0.0786099526218316	
51.044	340.528913505889	12.48534306	14.1701	13.3766437	13.34402892	0.079264816696014	
51.06	340.635654016353	14.2241183	12.7936546	12.18977175	13.06918155	0.0776321968528586	
51.076	340.742394526816	12.3859699	13.9071432	13.5646882	13.2859337666667	0.0789197258911678	
51.092	340.84913503728	14.5803326	13.91325866	13.22732917	13.9069734766667	0.0826087615691642	
51.108	340.955875547743	12.84053839	13.16209968	13.8989897	13.30054259	0.0790065037084675	
51.124	341.062616058207	13.804203	15.872693	14.22564693	14.6341809766667	0.0869284441427738	
51.14	341.16935656867	16.5820645	15.0792369	15.8125597	15.8246203666667	0.0939997687480913	
51.156	341.276097079133	17.00962372	15.8293768	16.723735	16.52091184	0.0981358071463627	
51.172	341.382837589597	15.56692965	16.5830836	16.5948047	16.24827265	0.0965163041050354	
51.188	341.48957810006	18.934405	19.4526742	18.22962	18.8722330666667	0.112102881644068	
51.204	341.596318610524	19.5647874	18.7606294	19.4791736	19.2681968	0.114454944347852	
51.22	341.703059120987	21.2424098	21.9650308	21.890119	21.6991865333333	0.128895257446526	
51.236	341.80979963145	22.3625235	21.0823935	20.8041489	21.4163553	0.127215212686395	
51.252	341.916540141914	22.8012942	22.429282	22.9633488	22.7313083333333	0.135026160322668	
51.268	342.023280652377	21.5660094	20.6884684	21.1827859	21.1457545666667	0.125607818273953	
51.284	342.130021162841	17.97125	18.0945745	16.7191482	17.5949909	0.104515940187016	
51.3	342.236761673304	10.83218177	10.90250734	13.2981644	11.6776178366667	0.0693661744004588	
51.316	342.343502183767	0.778677715	0.101921172	-0.367425817	0.17105769	0.00101609914993302	
51.332	342.450242694231	-14.22666621	-14.2888381	-13.12285985	-13.87945472	-0.0824452975047529	
51.348	342.556983204694	-37.2333316	-36.6798995	-36.5468924	-36.8200411666667	-0.218714589972241	
51.364	342.663723715158	-59.9826458	-58.7550053	-58.8508113	-59.1961541333333	-0.351630855614757	
51.38	342.770464225621	-84.3688141	-84.2138939	-82.9770803	-83.8532627666667	-0.498096455156853	
51.396	342.877204736084	-102.5586833	-102.2712677	-102.7727187	-102.534223233333	-0.609063159139072	
51.412	342.983945246548	-109.150946	-109.710491	-110.106458	-109.655965	-0.651366990993416	
51.428	343.090685757011	-102.0220701	-103.8102768	-105.009887	-103.614077966667	-0.615477600235472	
51.444	343.197426267475	-81.8809185	-83.7802194	-86.075484	-83.9122073	-0.498446591360687	
51.46	343.304166777938	-44.8723231	-47.9600249	-48.6388197	-47.1570559	-0.280117452850753	
51.476	343.410907288401	0.661977981	-0.312897996	-2.031288868	-0.560736294333333	-0.00333082758225421	
51.492	343.517647798865	53.4479701	52.7258586	51.0859471	52.4199252666667	0.31137940365623	
51.508	343.624388309328	106.971871	106.994295	104.988995	106.318387	0.631541456294361	
51.524	343.731128819792	145.812499	145.791097	143.465256	145.022950666667	0.861450291379345	
51.54	343.837869330255	167.356596	167.26181	166.583012	167.067139333333	0.992394894718506	
51.556	343.944609840719	168.230059	168.458364	168.353895	168.347439333333	1	
51.572	344.051350351182	147.605293	150.554891	150.340348	149.500177333333	0.888045448896423	
51.588	344.158090861645	111.130766	114.799417	118.427301	114.785828	0.681838871173564	
51.604	344.264831372109	72.1036206	74.5532961	75.7498504	74.1355890333333	0.440372537455366	
51.62	344.371571882572	31.4966985	32.7549152	34.2322626	32.8279587666667	0.195001236114238	
51.636	344.478312393036	3.862302681	3.937214747	5.41456205	4.40469315933333	0.0261643014991865	
51.652	344.585052903499	-8.90892929	-10.62782981	-10.12332001	-9.88669303666667	-0.0587279086383411	
51.668	344.691793413962	-11.45899698	-10.12535851	-10.73688548	-10.77374699	-0.0639970945365414	
51.684	344.798533924426	-9.22386574	-8.93440958	-10.16816527	-9.44214686333333	-0.0560872615629014	
51.7	344.905274434889	-13.0076892	-12.63261922	-12.1999639	-12.6134241066667	-0.0749249537540733	
51.716	345.012014945353	-13.554496	-15.1877829	-14.53752576	-14.4266015533333	-0.085695402380123	
51.732	345.118755455816	-9.76659582	-12.64128251	-11.09564795	-11.1678420933333	-0.0663380573981921	
51.748	345.225495966279	-3.46582934	-3.827139853	-3.70381524	-3.665594811	-0.021773986141494	
51.764	345.332236476743	1.3428113887	-0.615603857	-0.360800936	0.1221355319	0.000725496820050631	
51.78	345.438976987206	-2.916983827	-2.100085663	-2.106200936	-2.37442347533333	-0.0141043040793267	
51.796	345.54571749767	-4.940628592	-5.60515464	-5.00280051	-5.18286124733333	-0.0307866948725671	
51.812	345.652458008133	-1.601181547	-1.726544586	-3.04336608	-2.12369740433333	-0.0126149670748977	
51.828	345.759198518596	3.702286418	5.25301702	4.45395504	4.469752826	0.0265507621838533	
51.844	345.86593902906	5.00585817	5.80033366	6.2482772	5.68482301	0.033768396077257	
51.86	345.972679539523	0.5248940104	1.016154052	1.8875800324	1.1428760316	0.00678879367649346	
51.876	346.079420049987	-0.549864696	3.010241695	-0.00764409329999999	0.817577635233333	0.00485648987873527	
51.892	346.18616056045	7.76384498	7.03256055	5.79880485	6.86507012666667	0.0407791775975494	
51.908	346.292901070914	6.887322888	9.15201133	8.6658474	8.23506053933333	0.0489170525666723	
51.924	346.399641581377	5.0685397	6.62079907	5.7427482175	5.8106956625	0.0345160917535231	
51.94	346.50638209184	2.7559483894	4.28986196	1.2745242182	2.77344485586667	0.0164745295019021	
51.956	346.613122602304	5.48386844	6.40574543	6.55047345	6.14669577333333	0.0365119647656932	
51.972	346.719863112767	9.55561912	8.19599079	9.27635503	9.00932164666667	0.0535162380986854	
51.988	346.826603623231	6.79712274	9.66671318	8.59093534	8.35159042	0.0496092512786226	
52.004	346.933344133694	6.53875247	7.26952735	7.21805713	7.00877898333334	0.0416328220440332	
52.02	347.040084644157	9.18360687	8.2821141	8.30249836	8.58940644333333	0.0510219013567889	
52.036	347.146825154621	9.44911147	7.99520594	10.30983578	9.25138439666667	0.0549541141421737	
52.052	347.253565665084	10.55342734	9.19685657	9.87055558	9.87361316333333	0.0586502129312657	
52.068	347.360306175548	8.83248844	8.92268868	9.67741492	9.14419734666667	0.0543174127440149	
52.084	347.467046686011	10.23339495	10.08204181	9.93527545	10.0835707366667	0.0598973811339113	
52.1	347.573787196474	10.32920086	11.96809317	10.46883266	10.92204223	0.0648779825416531	
52.116	347.680527706938	11.61901307	10.3307295	10.9177956	10.9558460566667	0.0650787805270607	
52.132	347.787268217401	12.62242693	10.60693599	10.4265355	11.2186328066667	0.0666397591260858	
52.148	347.894008727865	11.55837021	11.09972475	12.7299539	11.7960162866667	0.0700694725941758	
52.164	348.000749238328	11.45441046	11.60066732	9.53829255	10.8644567766667	0.0645359194038865	
52.18	348.107489748791	11.92936307	10.94990058	10.96416973	11.28114446	0.0670110843662016	
52.196	348.214230259255	10.83880671	11.53900512	11.97166044	11.44982409	0.0680130576107486	
52.212	348.320970769718	12.06186062	12.11129242	11.71125185	11.9614682966667	0.0710522734651317	
52.228	348.427711280182	11.70462693	11.83151878	11.71940544	11.7518503833333	0.0698071228755924	
52.244	348.534451790645	12.13167673	11.91356531	11.36471978	11.8033206066667	0.0701128609583168	
52.26	348.641192301109	10.8622485	12.29016398	12.21015591	11.7875227966667	0.0700190204457283	
52.276	348.747932811572	11.97267962	11.66181998	11.63684946	11.7571163533333	0.0698384032444584	
52.292	348.854673322035	10.80364376	12.6535129	12.04912045	11.8354257033333	0.0703035683239518	
52.308	348.961413832499	11.67863702	11.18482895	12.4547668	11.7727442566667	0.0699312344950864	
52.324	349.068154342962	11.06150431	10.91626675	11.11348408	11.03041838	0.0655217473083117	
52.34	349.174894853426	11.73112646	12.47871826	12.21881927	12.1428879966667	0.072129923952234	
52.356	349.281635363889	10.66605023	11.96605482	12.00121765	11.5444409	0.0685750905729052	
52.372	349.388375874352	11.28929824	10.68133842	11.79635593	11.2556641966667	0.066859729148479	
52.388	349.495116384816	10.6334353	11.91254622	10.84645074	11.1308107533333	0.0661180876728037	
52.404	349.601856895279	10.61305127	12.4404978	13.32823126	12.12726011	0.0720370928006077	
52.42	349.708597405743	11.5578605	12.0791873	12.92870027	12.18858269	0.0724013548306263	
52.436	349.815337916206	11.11399368	11.52320724	12.66931086	11.76883726	0.0699080265586774	
52.452	349.922078426669	11.95993964	11.51454384	11.55123551	11.6752396633333	0.0693520478218619	
52.468	350.028818937133	10.22880847	10.74554873	10.62986838	10.53474186	0.0625773810502747	
52.484	350.135559447596	11.37491185	11.83100919	10.61865699	11.2748593433333	0.0669737501680008	
52.5	350.24229995806	10.12026243	10.27161531	9.03225382	9.80804385333334	0.0582607249161248	
52.516	350.349040468523	10.95805425	10.70274194	9.35585357	10.3388832533333	0.0614139620672341	
52.532	350.455780978986	10.58349417	10.72669326	10.50705319	10.6057468733333	0.0629991576666255	
52.548	350.56252148945	9.27737433	9.18717411	10.84797954	9.77084266	0.058039746245581	
52.564	350.669261999913	10.74300065	11.15680069	10.16918446	10.6896619333333	0.0634976212032988	
52.58	350.776002510377	9.20857746	11.67099296	10.80466305	10.5614111566667	0.0627357992404906	
52.596	350.88274302084	12.19741563	11.12520504	11.36522952	11.56261673	0.0686830567532759	
52.612	350.989483531304	10.5636194	10.78580768	10.76287536	10.7041008133333	0.0635833895408345	
52.628	351.096224041767	10.46322705	10.06879224	9.42210236	9.98470721666667	0.0593101223054342	
52.644	351.20296455223	11.07271571	11.39529618	11.2327318	11.23358123	0.0667285542000859	
52.66	351.309705062694	9.98063048	11.61595553	12.6285423	11.4083761033333	0.0677668525788764	
52.676	351.416445573157	10.67471353	11.43453575	11.22304938	11.11076622	0.0659990212146935	
52.692	351.523186083621	11.47428517	12.45425717	10.42347792	11.45067342	0.0680181027127315	
52.708	351.629926594084	10.5269278	11.55684118	11.28725982	11.1236762666667	0.0660757081350161	
52.724	351.736667104547	11.44778558	11.2419049	12.88181642	11.8571689666667	0.0704327254018345	
52.74	351.843407615011	10.32002793	12.06389905	11.88400828	11.4226450866667	0.0678516117138525	
52.756	351.950148125474	12.44865155	11.60984025	12.70702168	12.25517116	0.0727968967543033	
52.772	352.056888635938	13.16311891	12.7635879	12.67950286	12.8687365566667	0.0764415342913898	
52.788	352.163629146401	11.6220706	10.79549005	12.5332459	11.65026885	0.0692037187861949	
52.804	352.270369656864	9.77423999	13.75120397	12.5750337	12.0334925533333	0.0714801044850265	
52.82	352.377110167328	11.30152867	11.04570661	11.56856221	11.30526583	0.0671543676266748	
52.836	352.483850677791	13.29357796	11.82183627	11.51250557	12.2093066	0.0725244568515544	
52.852	352.590591188255	11.31987462	11.61187871	10.84390272	11.2585520166667	0.0668768830773504	
52.868	352.697331698718	11.20776134	10.11771448	10.34041214	10.5552959866667	0.0626994745418541	
52.884	352.804072209181	11.50842862	9.31100821	11.17922332	10.66622005	0.0633583741590541	
52.9	352.910812719645	11.53339946	10.92798768	12.02771707	11.49636807	0.0682895333337196	
52.916	353.017553230108	11.52422658	11.54155308	11.8840084	11.6499293533333	0.0692017021433044	
52.932	353.124293740572	11.57518717	9.82163335	11.06660048	10.8211403333333	0.0642786155594985	
52.948	353.231034251035	11.3045863	11.15629094	10.36945961	10.9434456166667	0.0650051207194087	
52.964	353.337774761498	10.59266686	10.98149619	9.87870922	10.4842907566667	0.0622776966384825	
52.98	353.444515271962	11.57365824	12.56586083	13.57538983	12.5716363	0.0746767301586795	
52.996	353.551255782425	11.74794339	11.84374936	11.98032388	11.8573388766667	0.0704337346835954	
53.012	353.657996292889	11.41720932	12.98832387	11.09055191	11.8320283666667	0.0702833878170186	
53.028	353.764736803352	10.27008646	12.1046676	11.36319105	11.2459817033333	0.0668022142057411	
53.044	353.871477313816	13.34759618	11.77342367	10.84237391	11.98779792	0.0712086739630401	
53.06	353.978217824279	11.24037595	11.47836199	12.15206085	11.6235995966667	0.0690453008533832	
53.076	354.084958334742	11.32395131	10.81689355	11.2306935	11.12384612	0.0660767170801715	
53.092	354.191698845206	13.17891649	11.15374297	12.11231168	12.1483237133333	0.0721622126326452	
53.108	354.298439355669	11.99866942	12.40635398	9.38795881	11.2643274033333	0.0669111894302687	
53.124	354.405179866133	12.09957152	11.62869564	11.68628107	11.80484941	0.0701219421973269	
53.14	354.511920376596	11.7479435	12.4634299	11.45390079	11.88842473	0.0706183876456864	
53.156	354.618660887059	11.49670763	10.04280234	11.45797768	10.99916255	0.0653360846684535	
53.172	354.725401397523	10.78988448	11.46358343	11.93955511	11.39767434	0.0677032830741918	
53.188	354.832141907986	12.26672235	12.28863519	12.52305394	12.3594704933333	0.0734164448374008	
53.204	354.93888241845	11.84171083	10.68541528	12.9322674	11.8197978366667	0.0702107372911274	
53.22	355.045622928913	13.38785496	11.54868741	12.47871824	12.4717535366667	0.0740834169266584	
53.236	355.152363439376	12.84257674	10.80313431	12.58063924	12.0754500966667	0.0717293363325645	
53.252	355.25910394984	12.49910252	12.21627124	13.53411175	12.7498285033333	0.0757352090048027	
53.268	355.365844460303	12.44610349	13.95606555	13.16974372	13.1906375866667	0.0783536574057939	
53.284	355.472584970767	12.24786682	12.18671392	11.66691597	12.0338322366667	0.071482122236735	
53.3	355.57932548123	11.51046699	12.14390712	10.3475466	11.33397357	0.0673248943665747	
53.316	355.686065991694	13.0688418	12.80894271	12.3253268	12.7343704366667	0.0756433866003284	
53.332	355.792806502157	13.3929509	11.9864389	13.05712087	12.8121702233333	0.0761055248245554	
53.348	355.89954701262	12.1087443	11.65519504	13.79044379	12.51812771	0.0743588839816785	
53.364	356.006287523084	11.50944796	13.16872445	12.03587075	12.2380143866667	0.0726949838686587	
53.38	356.113028033547	12.28099109	11.7724046	11.12112835	11.7248413466667	0.0696466865970626	
53.396	356.219768544011	12.60662939	11.6276763	11.17055991	11.8016218666667	0.0701027702791432	
53.412	356.326509054474	11.1552719	12.38240267	13.3827589	12.3068111566667	0.0731036433069753	
53.428	356.433249564937	10.60082064	12.19333882	12.09702349	11.6303943166667	0.0690856621444542	
53.444	356.539990075401	12.16938756	11.67252185	11.55531252	11.7990739766667	0.0700876355672041	
53.46	356.646730585864	11.43453576	12.01446731	11.26840436	11.5724691433333	0.0687415810371756	
53.476	356.753471096328	11.57824451	10.57024434	9.11277163	10.42042016	0.0618982991441125	
53.492	356.860211606791	10.67063655	9.9510732	12.16785863	10.9298561266667	0.0649243978402618	
53.508	356.966952117254	10.68949204	11.12418581	10.30473962	10.7061391566667	0.0635954974965088	
53.524	357.073692627718	10.97538104	11.59760981	12.07103347	11.5480081066667	0.0685962801239955	
53.54	357.180433138181	12.74422279	11.50639011	11.97879489	12.0764692633333	0.0717353902807012	
53.556	357.287173648645	11.06609081	10.52030298	11.37185436	10.9860827166667	0.0652583891989819	
53.572	357.393914159108	12.11995568	11.98185261	10.93868937	11.6801658866667	0.0693813100628134	
53.588	357.500654669571	11.32242262	11.29388479	10.47494798	11.0304184633333	0.0655217478033197	
53.604	357.607395180035	10.72822214	12.0853026	12.23308824	11.6822043266667	0.069393418592697	
53.62	357.714135690498	10.51571656	11.33974922	12.19945419	11.35163999	0.0674298346024937	
53.636	357.820876200962	12.2555108	10.86632536	10.98149623	11.3677774633333	0.0675256927479887	
